{"workspace":{"Terrain":{"children":[]},"Camera":{"children":[]},"model":{"children":{"receiver":{"transform":[-0.04293060302734375,0.077301025390625,0.4941558837890625,0.1267329603433609,-0.008273039944469929,0.9919025301933289,0.0024283265229314567,0.9999648332595825,0.008030028082430363,-0.9919350147247315,0.0013909997651353479,0.12674759328365327],"children":{"aim_part":{"children":[],"transform":[-0.12147361040115357,0.5505855679512024,1.090159296989441,0.9984061121940613,-0.012427606619894505,0.055057354271411899,0.014068782329559327,0.9994651079177856,-0.029521774500608445,-0.054662175476551059,0.03024933859705925,0.9980477094650269]},"charging_handle":{"children":[]},"hold_right":{"children":[],"transform":[-0.0412759967148304,-0.12269194424152374,0.49387767910957339,-0.1267329603433609,-0.008273039944469929,-0.9919025301933289,-0.0024283265229314567,0.9999648332595825,-0.008030028082430363,0.9919350147247315,0.0013909997651353479,-0.12674759328365327]},"bolt_catch":{"children":[]},"bullet":{"children":[]},"fixed_aim_marker_swampfox_trihawk_3x30_prism_scope":{"children":[],"transform":[-0.12923318147659303,0.6239602565765381,1.1371328830718995,0.9919026494026184,-0.008273043669760228,-0.12673220038414002,0.008030032739043236,0.9999648332595825,-0.002428327687084675,0.12674683332443238,0.0013910066336393357,0.991935133934021]},"distantAimPart":{"children":[],"transform":[-0.30547308921813967,0.547062873840332,2.5303173065185549,0.05465303361415863,-0.037138473242521289,-0.9978147149085999,0.004791730083525181,0.999306321144104,-0.03693154454231262,0.9984948635101318,-0.002762802876532078,0.054794229567050937]},"dust_cover":{"children":[]},"chamber":{"children":{"Test":{"children":{"FootageCrate-Aerial_Dust_Burst_3_8x8":{"children":[]},"footagecrate-wispysmokepuff2_8x8":{"children":[]},"######################## copy":{"children":[]}}},"instant":{"children":[]}},"transform":[0.02211320400238037,0.2604507803916931,0.2559508681297302,0.05465303361415863,-0.037138473242521289,-0.9978147149085999,0.004791730083525181,0.999306321144104,-0.03693154454231262,0.9984948635101318,-0.002762802876532078,0.054794229567050937]},"bolt":{"children":{"original_position":{"children":[]},"fixed_position":{"children":[]}}},"trigger":{"children":[]},"magazine":{"children":{"original_position":{"children":[]},"fixed_position":{"children":[]}}},"fire_selector":{"children":[]},"holster_weld":{"children":[]},"recoil_anchor":{"children":[],"transform":[-0.1340484321117401,0.2186477780342102,0.6436010599136353,0.05465303361415863,-0.037138473242521289,-0.9978147149085999,0.004791730083525181,0.999306321144104,-0.03693154454231262,0.9984948635101318,-0.002762802876532078,0.054794229567050937]},"mag_release":{"children":[]},"barrel":{"children":{"light_flash":{"children":[]},"barrel_smoke":{"children":{"WispySmoke02":{"children":[]},"WispySmoke02 super lightened":{"children":[]},"WispySmoke02 lightened":{"children":[]}}},"instant":{"children":{"SparkShrapnel_1":{"children":[]}}},"flash":{"children":[]}},"transform":[0.2772618234157562,0.25142139196395876,-2.041476011276245,0.9919025301933289,-0.008273039944469929,-0.12673307955265046,0.008030028082430363,0.9999648332595825,-0.002428327454254031,0.1267477124929428,0.0013909997651353479,0.9919350147247315]},"hold_left":{"children":[],"transform":[0.09730295836925507,-0.02002429962158203,-0.5971118211746216,0.42871907353401186,-0.5431663990020752,0.7219215631484985,0.3461079001426697,0.8368639349937439,0.4241088926792145,-0.8345127701759338,0.06803980469703675,0.5467733144760132]},"general_sounds":{"children":{"mag_tap_3":{"children":[]},"tap3":{"children":[]},"mag_insert":{"children":[]},"switch_flick":{"children":[]},"firemode_switch":{"children":[]},"bolt_forward":{"children":[]},"bolt_pull":{"children":[]},"bolt_back_2":{"children":[]},"mag_tap_2":{"children":[]},"mag_check":{"children":[]},"interact2":{"children":[]},"tap1":{"children":[]},"draw":{"children":[]},"bolt_release":{"children":[]},"mag_empty":{"children":[]},"bolt_back":{"children":[]},"interact1":{"children":[]},"forward_assist1":{"children":[]},"mag_remove":{"children":[]},"forward_assist3":{"children":[]},"holster":{"children":[]},"speed_mag_remove":{"children":[]},"ads_out":{"children":[]},"speed_mag_insert":{"children":[]},"tap2":{"children":[]},"mag_impact_1":{"children":[]},"forward_assist":{"children":[]},"mag_tap_1":{"children":[]},"tap4":{"children":[]},"bolt_slap":{"children":[]},"mag_release":{"children":[]},"mag_impact_2":{"children":[]},"ads":{"children":[]},"dead_trigger":{"children":[]},"speed_mag_insert_2":{"children":[]},"cloth":{"children":[]},"forward_assist2":{"children":[]}},"transform":[-0.04293060302734375,0.077301025390625,0.4941558837890625,0.1267329603433609,-0.008273039944469929,0.9919025301933289,0.0024283265229314567,0.9999648332595825,0.008030028082430363,-0.9919350147247315,0.0013909997651353479,0.12674759328365327]},"weldto_chamber_round":{"transform":[0.04288873076438904,0.24691124260425569,-0.14874249696731568,-0.008273039944469929,0.1267329603433609,-0.9919025301933289,0.9999648332595825,0.0024283265229314567,-0.008030028082430363,0.0013909997651353479,-0.9919350147247315,-0.12674759328365327],"children":[],"mesh_id":"rbxassetid://6247988560"},"hold_weld":{"children":[]},"anchor":{"children":[],"transform":[0.267846941947937,-0.7168428897857666,-1.8876008987426758,0.9984061121940613,-0.012427606619894505,0.055057354271411899,0.014068782329559327,0.9994651079177856,-0.029521774500608445,-0.054662175476551059,0.03024933859705925,0.9980477094650269]}},"mesh_id":""},"attachments":{"children":{"weld":{"children":{"WeldConstraint":{"children":[]}}},"hart_m4a1_std_lower_receiver":{"transform":[-0.040814466774463657,0.07731706649065018,0.473269522190094,0.9919025301933289,-0.008273039944469929,-0.1267329603433609,0.008030028082430363,0.9999648332595825,-0.0024283265229314567,0.12674759328365327,0.0013909997651353479,0.9919350147247315],"children":{"weldto_bolt_catch":{"children":{"m4a1_std_bolt_catch":{"transform":[-0.06116552650928497,0.15797489881515504,0.3872830271720886,0.9919025301933289,-0.008273039944469929,-0.1267329603433609,0.008030028082430363,0.9999648332595825,-0.0024283265229314567,0.12674759328365327,0.0013909997651353479,0.9919350147247315],"children":{"weld":{"children":[],"transform":[-0.11340692639350891,0.13902384042739869,0.40492478013038638,-0.1267329603433609,-0.008273039944469929,-0.9919025301933289,-0.0024283265229314567,0.9999648332595825,-0.008030028082430363,0.9919350147247315,0.0013909997651353479,-0.12674759328365327]},"surface_appearance_metadata":{"children":[]}},"mesh_id":"rbxassetid://13912501797"},"dont_optimize m4a1_std_bolt_catch":{"children":[]}}},"hart_m4a1_receiver_endplate":{"transform":[-0.10674673318862915,0.19621631503105164,0.9816816449165344,0.9919026494026184,-0.008273039944469929,-0.12673309445381165,0.008030029013752938,0.9999648332595825,-0.002428327687084675,0.126747727394104,0.0013909997651353479,0.991935133934021],"children":{"weld":{"children":[],"transform":[-0.10366165637969971,0.24059173464775086,0.9771609902381897,-0.12673309445381165,-0.008273039944469929,-0.9919026494026184,-0.002428327687084675,0.9999648332595825,-0.008030029013752938,0.991935133934021,0.0013909997651353479,-0.126747727394104]},"optimized hart_m4a1_receiver_endplate":{"children":[]},"model => mount":{"children":[]},"hart_m4a1_castlenut":{"transform":[-0.11130185425281525,0.24162110686302186,1.0144517421722413,0.9919030070304871,-0.008273039944469929,-0.12673325836658479,0.008030031807720662,0.9999648332595825,-0.002428329549729824,0.12674789130687715,0.0013909997651353479,0.9919354915618897],"children":{"weld":{"children":[],"transform":[-0.10902570188045502,0.2404889613389969,1.019144058227539,-0.12673325836658479,-0.008273039944469929,-0.9919030070304871,-0.002428329549729824,0.9999648332595825,-0.008030031807720662,0.9919354915618897,0.0013909997651353479,-0.12674789130687715]},"hart_buffer_tube":{"transform":[-0.15671676397323609,0.22565653920173646,1.3720026016235352,0.991904079914093,-0.008273039944469929,-0.12673351168632508,0.008030040189623833,0.9999648332595825,-0.002428333042189479,0.12674814462661744,0.0013909997651353479,0.9919365644454956],"children":{"weld":{"children":[],"transform":[-0.1266307234764099,0.24015164375305177,1.1569350957870484,-0.12673351168632508,-0.008273039944469929,-0.991904079914093,-0.002428333042189479,0.9999648332595825,-0.008030040189623833,0.9919365644454956,0.0013909997651353479,-0.12674814462661744]},"optimized hart_buffer_tube":{"children":[]},"surface_appearance_metadata":{"children":[]},"stock":{"children":{"hart_m4ss_stock":{"transform":[-0.18873688578605653,0.01610913872718811,1.6248974800109864,0.991904079914093,-0.008273039944469929,-0.12673351168632508,0.008030040189623833,0.9999648332595825,-0.002428333042189479,0.12674814462661744,0.0013909997651353479,0.9919365644454956],"children":{"recoil_anchor":{"children":[],"transform":[-0.22847817838191987,0.054323866963386539,1.9880030155181885,0.991904079914093,-0.008273039944469929,-0.12673351168632508,0.008030040189623833,0.9999648332595825,-0.002428333042189479,0.12674814462661744,0.0013909997651353479,0.9919365644454956]},"surface_appearance_metadata":{"children":[]},"weld":{"children":{"bound_start":{"children":[],"transform":[-0.1367722600698471,0.23991170525550843,1.2361901998519898,-0.12673351168632508,-0.008273039944469929,-0.991904079914093,-0.002428333042189479,0.9999648332595825,-0.008030040189623833,0.9919365644454956,0.0013909997651353479,-0.12674814462661744]},"bound_finish":{"children":[],"transform":[-0.22593294084072114,0.23820331692695619,1.9340461492538453,-0.12673351168632508,-0.008273039944469929,-0.991904079914093,-0.002428333042189479,0.9999648332595825,-0.008030040189623833,0.9919365644454956,0.0013909997651353479,-0.12674814462661744]}},"transform":[-0.18135260045528413,0.2390575110912323,1.5851181745529175,-0.12673351168632508,-0.008273039944469929,-0.991904079914093,-0.002428333042189479,0.9999648332595825,-0.008030040189623833,0.9919365644454956,0.0013909997651353479,-0.12674814462661744]}},"mesh_id":"rbxassetid://13392374634"},"rail hart_m4ss_stock":{"children":[]}}},"WeldConstraint":{"children":[]}},"mesh_id":"rbxassetid://13863353141"},"surface_appearance_metadata":{"children":[]},"model => buffer_tube":{"children":[]},"optimized hart_m4a1_castlenut":{"children":[]}},"mesh_id":"rbxassetid://14576659962"},"surface_appearance_metadata":{"children":[]}},"mesh_id":"rbxassetid://14576659957"},"hart_m4a1_std_upper_receiver":{"transform":[0.013668384402990342,0.25081390142440798,0.436540812253952,0.9919026494026184,-0.008273039944469929,-0.12673309445381165,0.008030029013752938,0.9999648332595825,-0.002428327687084675,0.126747727394104,0.0013909997651353479,0.991935133934021],"children":{"weldto_dust_cover":{"children":[]},"weldto_charging_handle":{"children":{"hart_m4a1_charging_handle":{"transform":[-0.05005330964922905,0.3625543713569641,0.5240033268928528,0.9919025301933289,-0.008273039944469929,-0.1267329603433609,0.008030028082430363,0.9999648332595825,-0.0024283265229314567,0.12674759328365327,0.0013909997651353479,0.9919350147247315],"children":{"weld":{"children":[],"transform":[-0.09314076602458954,0.3343488276004791,0.886582612991333,-0.1267329603433609,-0.008273039944469929,-0.9919025301933289,-0.0024283265229314567,0.9999648332595825,-0.008030028082430363,0.9919350147247315,0.0013909997651353479,-0.12674759328365327]},"surface_appearance_metadata":{"children":[]}},"mesh_id":"rbxassetid://13863353279"},"dont_optimize hart_m4a1_charging_handle":{"children":[]}}},"top_rail":{"children":{"swampfox_trihawk_3x30_prism_scope":{"transform":[-0.058499254286289218,0.5822720527648926,0.32898789644241335,0.9919026494026184,-0.008273039944469929,-0.12673309445381165,0.008030029013752938,0.9999648332595825,-0.002428327687084675,0.126747727394104,0.0013909997651353479,0.991935133934021],"children":{"glass":{"transform":[-0.0604020431637764,0.625153660774231,0.5906708240509033,0.12673400342464448,-0.008257568813860417,0.991902768611908,0.0023062534164637329,0.9999651312828064,0.008030029945075512,-0.9919354319572449,0.0012699065264314414,0.12674762308597566],"children":{"eye_relief":{"children":{"reticle_frame":{"children":{"eye_box":{"children":{"outer_box":{"children":[]},"cover":{"children":[]}}},"UICorner":{"children":[]},"eye_relief_blur":{"children":{"outer_box":{"children":[]},"cover":{"children":[]}}},"eye_relief":{"children":{"cover":{"children":[]}}},"corner":{"children":[]}}}}},"display":{"children":{"reticle_frame":{"children":{"UICorner":{"children":[]},"reticle":{"children":[]}}}}}},"mesh_id":"rbxassetid://7848743378"},"cut_model":{"transform":[-0.06404285132884979,0.5821695923805237,0.36969059705734255,0.9919026494026184,-0.008273039944469929,-0.12673309445381165,0.008030029013752938,0.9999648332595825,-0.002428327687084675,0.126747727394104,0.0013909997651353479,0.991935133934021],"children":{"surface_appearance_metadata":{"children":[]}},"mesh_id":"rbxassetid://17303124643"},"front_lens":{"transform":[-0.001394163817167282,0.626848042011261,0.12859944999217988,0.9919026494026184,-0.008273039944469929,-0.12673309445381165,0.008030029013752938,0.9999648332595825,-0.002428327687084675,0.126747727394104,0.0013909997651353479,0.991935133934021],"children":[],"mesh_id":"rbxassetid://17302706889"},"surface_appearance_metadata":{"children":[]},"hitbox_weld":{"children":[]},"model => cut_model":{"children":[]},"aim_marker":{"transform":[-0.12923336029052735,0.6239296793937683,1.13713538646698,0.9919026494026184,-0.008273039944469929,-0.12673309445381165,0.008030029013752938,0.9999648332595825,-0.002428327687084675,0.126747727394104,0.0013909997651353479,0.991935133934021],"children":{"weld":{"children":[]}},"mesh_id":"rbxassetid://7871535749"},"model => hitbox_weld":{"children":[]},"weld":{"children":{"bound_start":{"children":[],"transform":[-0.00523795373737812,0.42901915311813357,0.13268586993217469,-0.12673309445381165,-0.008273039944469929,-0.9919026494026184,-0.002428327687084675,0.9999648332595825,-0.008030029013752938,0.991935133934021,0.0013909997651353479,-0.126747727394104]},"bound_finish":{"children":[],"transform":[-0.041011959314346316,0.42833369970321658,0.41268762946128847,-0.12673309445381165,-0.008273039944469929,-0.9919026494026184,-0.002428327687084675,0.9999648332595825,-0.008030029013752938,0.991935133934021,0.0013909997651353479,-0.126747727394104]}},"transform":[-0.023124955594539644,0.42867642641067507,0.27268674969673159,-0.12673309445381165,-0.008273039944469929,-0.9919026494026184,-0.002428327687084675,0.9999648332595825,-0.008030029013752938,0.991935133934021,0.0013909997651353479,-0.126747727394104]},"model => front_lens":{"children":[]},"model => glass":{"children":[]}},"mesh_id":"rbxassetid://17302707089"},"rail swampfox_trihawk_3x30_prism_scope":{"children":[]}}},"surface_appearance_metadata":{"children":[]},"WeldConstraint":{"children":[]},"weldto_magazine":{"children":{"dont_optimize 5.56x45_hart_ar15_stanag_30r":{"children":[]},"5.56x45_hart_ar15_stanag_30r":{"transform":[-0.003999742679297924,-0.2929508090019226,0.1707358956336975,0.9919025301933289,-0.008273039944469929,-0.1267329603433609,0.008030028082430363,0.9999648332595825,-0.0024283265229314567,0.12674759328365327,0.0013909997651353479,0.9919350147247315],"children":{"weld":{"children":[],"transform":[-0.00971957016736269,-0.13206657767295838,0.23173943161964417,-0.1267329603433609,-0.008273039944469929,-0.9919025301933289,-0.0024283265229314567,0.9999648332595825,-0.008030028082430363,0.9919350147247315,0.0013909997651353479,-0.12674759328365327]},"ammo":{"children":{"dont_optimize 5.56x45_winchester_m855_62gr_fmj":{"children":[]},"5.56x45_winchester_m855_62gr_fmj":{"children":{"1":{"transform":[0.005104288458824158,0.13792961835861207,0.21695728600025178,-0.9919025301933289,0.12663625180721284,0.009640788659453392,-0.008030028082430363,0.013223979622125626,-0.999880313873291,-0.12674759328365327,-0.9918621778488159,-0.012100022286176682],"children":{"connection":{"children":[]}},"mesh_id":"rbxassetid://6247988560"},"0":{"transform":[-0.029901526868343355,0.16764497756958009,0.21288412809371949,-0.9919025301933289,0.12663625180721284,0.009640788659453392,-0.008030028082430363,0.013223979622125626,-0.999880313873291,-0.12674759328365327,-0.9918621778488159,-0.012100022286176682],"children":{"connection":{"children":[]}},"mesh_id":"rbxassetid://6247988560"},"3":{"transform":[0.00568273663520813,0.07793678343296051,0.21623128652572633,-0.9919025301933289,0.12663625180721284,0.009640788659453392,-0.008030028082430363,0.013223979622125626,-0.999880313873291,-0.12674759328365327,-0.9918621778488159,-0.012100022286176682],"children":{"connection":{"children":[]}},"mesh_id":"rbxassetid://6247988560"},"2":{"transform":[-0.029323071241378785,0.10765214264392853,0.21215811371803285,-0.9919025301933289,0.12663625180721284,0.009640788659453392,-0.008030028082430363,0.013223979622125626,-0.999880313873291,-0.12674759328365327,-0.9918621778488159,-0.012100022286176682],"children":{"connection":{"children":[]}},"mesh_id":"rbxassetid://6247988560"},"5":{"transform":[0.006261184811592102,0.01794399321079254,0.21550528705120088,-0.9919025301933289,0.12663625180721284,0.009640788659453392,-0.008030028082430363,0.013223979622125626,-0.999880313873291,-0.12674759328365327,-0.9918621778488159,-0.012100022286176682],"children":{"connection":{"children":[]}},"mesh_id":"rbxassetid://6247988560"},"4":{"transform":[-0.02874463051557541,0.04765935242176056,0.21143212914466859,-0.9919025301933289,0.12663625180721284,0.009640788659453392,-0.008030028082430363,0.013223979622125626,-0.999880313873291,-0.12674759328365327,-0.9918621778488159,-0.012100022286176682],"children":{"connection":{"children":[]}},"mesh_id":"rbxassetid://6247988560"},"7":{"transform":[0.006839632987976074,-0.042048826813697818,0.21477928757667542,-0.9919025301933289,0.12663625180721284,0.009640788659453392,-0.008030028082430363,0.013223979622125626,-0.999880313873291,-0.12674759328365327,-0.9918621778488159,-0.012100022286176682],"children":{"connection":{"children":[]}},"mesh_id":"rbxassetid://6247988560"},"6":{"transform":[-0.02816617488861084,-0.012333475053310395,0.21070611476898194,-0.9919025301933289,0.12663625180721284,0.009640788659453392,-0.008030028082430363,0.013223979622125626,-0.999880313873291,-0.12674759328365327,-0.9918621778488159,-0.012100022286176682],"children":{"connection":{"children":[]}},"mesh_id":"rbxassetid://6247988560"},"9":{"transform":[0.007418077439069748,-0.10204165428876877,0.21405328810214997,-0.9919025301933289,0.12663625180721284,0.009640788659453392,-0.008030028082430363,0.013223979622125626,-0.999880313873291,-0.12674759328365327,-0.9918621778488159,-0.012100022286176682],"children":{"connection":{"children":[]}},"mesh_id":"rbxassetid://6247988560"},"8":{"transform":[-0.027587734162807466,-0.07232629507780075,0.20998011529445649,-0.9919025301933289,0.12663625180721284,0.009640788659453392,-0.008030028082430363,0.013223979622125626,-0.999880313873291,-0.12674759328365327,-0.9918621778488159,-0.012100022286176682],"children":{"connection":{"children":[]}},"mesh_id":"rbxassetid://6247988560"},"weld":{"children":[],"transform":[-0.005935162305831909,0.1782248616218567,0.18246443569660188,0.9919025301933289,-0.008273039944469929,-0.1267329603433609,0.008030028082430363,0.9999648332595825,-0.0024283265229314567,0.12674759328365327,0.0013909997651353479,0.9919350147247315]}}}}},"assist":{"children":[]},"surface_appearance_metadata":{"children":[]},"stanag_30r_plate":{"transform":[0.013596131466329098,-0.7347544431686401,0.11112728714942932,0.9919026494026184,-0.008273039944469929,-0.12673309445381165,0.008030029013752938,0.9999648332595825,-0.002428327687084675,0.126747727394104,0.0013909997651353479,0.991935133934021],"children":{"optimized stanag_30r_plate":{"children":[]},"surface_appearance_metadata":{"children":[]},"weld":{"children":[],"transform":[0.012504949234426022,-0.759128987789154,0.09754268825054169,-0.12673309445381165,-0.008273039944469929,-0.9919026494026184,-0.002428327687084675,0.9999648332595825,-0.008030029013752938,0.991935133934021,0.0013909997651353479,-0.126747727394104]}},"mesh_id":"rbxassetid://13386414002"},"WeldConstraint":{"children":[]}},"mesh_id":"rbxassetid://10856516675"}}},"weldto_bolt":{"children":{"dont_optimize m4a1_556_bolt":{"children":[]},"m4a1_556_bolt":{"transform":[-0.032854076474905017,0.27398473024368288,0.44830822944641116,0.9919025301933289,-0.008273039944469929,-0.1267329603433609,0.008030028082430363,0.9999648332595825,-0.0024283265229314567,0.12674759328365327,0.0013909997651353479,0.9919350147247315],"children":{"weld":{"children":[],"transform":[0.0042303018271923069,0.26606321334838869,0.2314719557762146,-0.1267329603433609,-0.008273039944469929,-0.9919025301933289,-0.0024283265229314567,0.9999648332595825,-0.008030028082430363,0.9919350147247315,0.0013909997651353479,-0.12674759328365327]},"surface_appearance_metadata":{"children":[]}},"mesh_id":"rbxassetid://13863353208"}}},"weld":{"children":[],"transform":[-0.05139203742146492,0.286032110452652,0.6202512979507446,-0.12673309445381165,-0.008273039944469929,-0.9919026494026184,-0.002428327687084675,0.9999648332595825,-0.008030029013752938,0.991935133934021,0.0013909997651353479,-0.126747727394104]},"hart_m4a1_5.56x45_368mm_govt_c_barrel":{"transform":[0.12593111395835877,0.2672703266143799,-0.842342734336853,0.9919028878211975,-0.008273039944469929,-0.12673312425613404,0.008030030876398087,0.9999648332595825,-0.002428328152745962,0.1267477571964264,0.0013909997651353479,0.9919353723526001],"children":{"barrel":{"children":[],"transform":[0.25736433267593386,0.25232452154159548,-1.876619577407837,0.9919028878211975,-0.008273039944469929,-0.12673312425613404,0.008030030876398087,0.9999648332595825,-0.002428328152745962,0.1267477571964264,0.0013909997651353479,0.9919353723526001]},"weld":{"children":[],"transform":[0.023675374686717988,0.24408113956451417,-0.017068088054656984,-0.12673312425613404,-0.008273039944469929,-0.9919028878211975,-0.002428328152745962,0.9999648332595825,-0.008030030876398087,0.9919353723526001,0.0013909997651353479,-0.1267477571964264]},"optimized hart_m4a1_5.56x45_368mm_govt_c_barrel":{"children":[]},"jg_usgi_a2_birdcage_m4a1_flash_hider":{"transform":[0.2655520439147949,0.2511749863624573,-1.9339640140533448,0.9919036030769348,-0.008273039944469929,-0.1267332136631012,0.008030036464333535,0.9999648332595825,-0.0024283297825604679,0.12674784660339356,0.0013909997651353479,0.9919360876083374],"children":{"optimized jg_usgi_a2_birdcage_m4a1_flash_hider":{"children":[]},"barrel":{"children":[],"transform":[0.2772619128227234,0.25142142176628115,-2.041476011276245,0.9919036030769348,-0.008273039944469929,-0.1267332136631012,0.008030036464333535,0.9999648332595825,-0.0024283297825604679,0.12674784660339356,0.0013909997651353479,0.9919360876083374]},"weld":{"children":[],"transform":[0.2581862807273865,0.24929779767990113,-1.878835916519165,-0.1267332136631012,-0.008273039944469929,-0.9919036030769348,-0.0024283297825604679,0.9999648332595825,-0.008030036464333535,0.9919360876083374,0.0013909997651353479,-0.12674784660339356]},"bayonet":{"children":[]},"surface_appearance_metadata":{"children":[]},"supp":{"children":[]},"WeldConstraint":{"children":[]}},"mesh_id":"rbxassetid://13863353327"},"surface_appearance_metadata":{"children":[]},"hart_m4fs_gasblock":{"transform":[0.15872041881084443,0.360042542219162,-1.1048228740692139,0.9919036030769348,-0.008273039944469929,-0.1267332136631012,0.008030036464333535,0.9999648332595825,-0.0024283297825604679,0.12674784660339356,0.0013909997651353479,0.9919360876083374],"children":{"weld":{"children":[],"transform":[0.1491435468196869,0.2464851438999176,-0.999046266078949,-0.1267332136631012,-0.008273039944469929,-0.9919036030769348,-0.0024283297825604679,0.9999648332595825,-0.008030036464333535,0.9919360876083374,0.0013909997651353479,-0.12674784660339356]},"mount":{"children":[]},"surface_appearance_metadata":{"children":[]},"optimized hart_m4fs_gasblock":{"children":[]},"WeldConstraint":{"children":[]}},"mesh_id":"rbxassetid://13863353416"},"WeldConstraint":{"children":[]}},"mesh_id":"rbxassetid://13863353232"},"hart_m4_std_carbine_plastic_handguard":{"transform":[0.08259768784046173,0.265118271112442,-0.49639394879341128,0.9919030070304871,-0.008273039944469929,-0.12673325836658479,0.008030031807720662,0.9999648332595825,-0.002428329549729824,0.12674789130687715,0.0013909997651353479,0.9919354915618897],"children":{"optimized hart_m4_std_carbine_plastic_handguard":{"children":[]},"weld":{"children":[],"transform":[0.08442205935716629,0.24524496495723725,-0.4924450218677521,-0.12673325836658479,-0.008273039944469929,-0.9919030070304871,-0.002428329549729824,0.9999648332595825,-0.008030031807720662,0.9919354915618897,0.0013909997651353479,-0.12674789130687715]},"top_mount":{"children":[]},"lower":{"transform":[0.09012483805418015,0.16162727773189546,-0.5487428903579712,0.9919030070304871,-0.008273039944469929,-0.12673325836658479,0.008030031807720662,0.9999648332595825,-0.002428329549729824,0.12674789130687715,0.0013909997651353479,0.9919354915618897],"children":{"surface_appearance_metadata":{"children":[]}},"mesh_id":"rbxassetid://14383398268"},"surface_appearance_metadata":{"children":[]},"bottom_mount":{"children":[]},"WeldConstraint":{"children":[]}},"mesh_id":"rbxassetid://14383398257"},"optimized hart_m4a1_std_upper_receiver":{"children":[]}},"mesh_id":"rbxassetid://13912536834"},"model => grip":{"children":[]},"model => upper_receiver":{"children":[]},"surface_appearance_metadata":{"children":[]},"mag_well":{"children":[]},"grip":{"children":{"hart_a2_pistol_grip":{"transform":[-0.09236426651477814,-0.2696964144706726,0.9024597406387329,0.9919026494026184,-0.008273039944469929,-0.12673309445381165,0.008030029013752938,0.9999648332595825,-0.002428327687084675,0.126747727394104,0.0013909997651353479,0.991935133934021],"children":{"weld":{"children":[],"transform":[-0.07344590872526169,-0.06416705250740051,0.7835489511489868,-0.12673309445381165,-0.008273039944469929,-0.9919026494026184,-0.002428327687084675,0.9999648332595825,-0.008030029013752938,0.991935133934021,0.0013909997651353479,-0.126747727394104]},"surface_appearance_metadata":{"children":[]}},"mesh_id":"rbxassetid://13863353176"},"dont_optimize hart_a2_pistol_grip":{"children":[]}}},"weldto_mag_release":{"children":{"dont_optimize m4a1_std_mag_release":{"children":[]},"m4a1_std_mag_release":{"transform":[-0.015414711087942124,0.055636171251535419,0.33724820613861086,0.9919572472572327,-0.008273039944469929,-0.12630484998226167,0.008031075820326805,0.9999648332595825,-0.002424860605970025,0.12631946802139283,0.0013909997651353479,0.9919897317886353],"children":{"weld":{"children":[],"transform":[-0.03299173712730408,0.05526380240917206,0.40167075395584109,-0.12630484998226167,-0.008273039944469929,-0.9919572472572327,-0.002424860605970025,0.9999648332595825,-0.008031075820326805,0.9919897317886353,0.0013909997651353479,-0.12631946802139283]},"surface_appearance_metadata":{"children":[]}},"mesh_id":"rbxassetid://13922212597"}}},"model => weld":{"children":[]},"weld":{"children":[],"transform":[-0.028183113783597947,0.08657725155353546,0.451266348361969,-0.1267329603433609,-0.008273039944469929,-0.9919025301933289,-0.0024283265229314567,0.9999648332595825,-0.008030028082430363,0.9919350147247315,0.0013909997651353479,-0.12674759328365327]},"weldto_trigger":{"children":{"hart_m4a1_std_trigger":{"transform":[-0.05718877911567688,-0.04133891314268112,0.6035742163658142,0.9919025301933289,-0.008273039944469929,-0.1267329603433609,0.008030028082430363,0.9999648332595825,-0.0024283265229314567,0.12674759328365327,0.0013909997651353479,0.9919350147247315],"children":{"weld":{"children":[],"transform":[-0.05544628947973251,-0.025918565690517427,0.5749710202217102,-0.1267329603433609,-0.008273039944469929,-0.9919025301933289,-0.0024283265229314567,0.9999648332595825,-0.008030028082430363,0.9919350147247315,0.0013909997651353479,-0.12674759328365327]},"surface_appearance_metadata":{"children":[]}},"mesh_id":"rbxassetid://13863353997"},"dont_optimize hart_m4a1_std_trigger":{"children":[]}}},"weldto_fire_selector":{"children":{"m4a1_std_fire_selector":{"transform":[-0.07060559839010239,0.04364180192351341,0.7216246128082275,0.9919025301933289,-0.008273039944469929,-0.1267329603433609,0.008030028082430363,0.9999648332595825,-0.0024283265229314567,0.12674759328365327,0.0013909997651353479,0.9919350147247315],"children":{"weld":{"children":[],"transform":[-0.06313551962375641,0.07481484860181809,0.7234388589859009,-0.1267329603433609,-0.008273039944469929,-0.9919025301933289,-0.0024283265229314567,0.9999648332595825,-0.008030028082430363,0.9919350147247315,0.0013909997651353479,-0.12674759328365327]},"surface_appearance_metadata":{"children":[]}},"mesh_id":"rbxassetid://13863353921"},"dont_optimize m4a1_std_fire_selector":{"children":[]}}},"hart_m4a1_trigger_guard":{"transform":[-0.0448271781206131,-0.15335017442703248,0.520444393157959,0.9919026494026184,-0.008273039944469929,-0.12673309445381165,0.008030029013752938,0.9999648332595825,-0.002428327687084675,0.126747727394104,0.0013909997651353479,0.991935133934021],"children":{"surface_appearance_metadata":{"children":[]},"weld":{"children":[],"transform":[-0.035291895270347598,-0.16207899153232575,0.5226522088050842,-0.12673309445381165,-0.008273039944469929,-0.9919026494026184,-0.002428327687084675,0.9999648332595825,-0.008030029013752938,0.991935133934021,0.0013909997651353479,-0.126747727394104]},"optimized hart_m4a1_trigger_guard":{"children":[]}},"mesh_id":"rbxassetid://13863353996"},"default hart_m4a1_std_lower_receiver":{"children":[]},"model => mag_well":{"children":[]}},"mesh_id":"rbxassetid://14576660028"}}}}}}}